chr1 -> [[206732393, 206732393], [206732393, 206732393], [206732393, 206732393], [206732393, 206732393], [206732457, 206732457], [206732457, 206732457], [206732457, 206732457], [206732457,
206732457], [206840215, 206840215], [206840215, 206840215], [206840215, 206840215], [206840215, 206840215], [206900313, 206900313], [206900313, 206900313], [206900313, 206900313], 
[206900313, 206900313], [206900313, 206900313], [206900313, 206900313], [206900313, 206900313], [206970267, 206970267], [206970267, 206970267], [206970267, 206970267], [206970267, 
206970267], [206970267, 206970267], [206970267, 206970267], [207024974, 207024974], [207024974, 207024974], [207044296, 207044297], [207044296, 207044297], [207047397, 207047397], 
[207047397, 207047397], [207072349, 207072349], [207072349, 207072349], [207072349, 207072349], [207072349, 207072349], [207072349, 207072349], [206732393, 206732393], 
[206732393, 206732393], [206732393, 206732393], [206732393, 206732393], [206732457, 206732457], [206732457, 206732457], [206732457, 206732457], [206732457, 206732457], 
[206840215, 206840215], [206840215, 206840215], [206840215, 206840215], [206840215, 206840215], [206900313, 206900313], [206900313, 206900313], [206900313, 206900313], 
[206900313, 206900313], [206900313, 206900313], [206900313, 206900313], [206900313, 206900313], [206970267, 206970267], [206970267, 206970267], [206970267, 206970267], 
[206970267, 206970267], [206970267, 206970267], [206970267, 206970267], [207024974, 207024974], [207024974, 207024974], [207044296, 207044297], [207044296, 207044297], 
[207047397, 207047397], [207047397, 207047397], [207072349, 207072349], [207072349,207072349], [207072349, 207072349], [207072349, 207072349], [207072349, 207072349]]

chr3 -> [[179244602, 179244602], [179244602, 179244602], [179244602, 179244602], [179244602, 179244602], [179244602, 179244602], [179244602, 179244602], [179244602, 179244602]]

chr5 -> [[1294179, 1294179], [1294179, 1294179], [1294179, 1294179], [1294179, 1294179], [1294179, 1294179], [1295012, 1295012], [1295012, 1295012], [1295012, 1295012], [1295012, 1295012], 
[1295012, 1295012], [1295046, 1295046], [1295046, 1295046], [1295046, 1295046], [1295046, 1295046], [1295046, 1295046], [1295046, 1295046], [1295046, 1295046], [1295046, 1295046], 
[1295046, 1295046], [1295046, 1295046], [1295046, 1295046], [1295046, 1295046], [1295046, 1295046], [1295046, 1295046], [1295046, 1295046], [141185014, 141185014], 
[141185014, 141185014]]

chr8 -> [[27463927, 27463927], [27463927, 27463927], [27463927, 27463927], [27463927, 27463927], [27463927, 27463927], [27463927, 27463927], [27463927, 27463927]]

chr9 -> [[126832913, 126832913], [126832913, 126832913], [126832913, 126832913], [126832913, 126832913], [126832913, 126832913], [126833575, 126833575], [126833575, 126833575], 
[126833575, 126833575], [126833575, 126833575], [126833575, 126833575], [126834193, 126834193], [126834193, 126834193], [126834193, 126834193], [126834193, 126834193], [126834193,
126834193], [126834342, 126834342], [126834342, 126834342], [126834342, 126834342], [126834342, 126834342], [126834342, 126834342], [126835219, 126835220], [126835219, 126835220], 
[126835219, 126835220], [126835219, 126835220], [126835219, 126835220], [126835631, 126835631], [126835631, 126835631], [126835631, 126835631], [126835631, 126835631], [126835631, 
126835631], [126835848, 126835848], [126835848, 126835848], [126835848, 126835848], [126835848, 126835848], [126835848, 126835848], [126881952, 126881952], [126881952, 126881952], 
[126884485, 126884485], [126884485, 126884485], [127091752, 127091752], [127091752, 127091752], [127091786, 127091786], [127091786, 127091786], [126832913, 126832913], [126832913, 
126832913], [126832913, 126832913], [126832913, 126832913], [126832913, 126832913], [126833575, 126833575], [126833575, 126833575], [126833575, 126833575], [126833575, 126833575], 
[126833575, 126833575], [126834193, 126834193], [126834193, 126834193], [126834193, 126834193], [126834193, 126834193], [126834193, 126834193], [126834342, 126834342], [126834342, 
126834342], [126834342, 126834342], [126834342, 126834342], [126834342, 126834342], [126835219, 126835220], [126835219, 126835220], [126835219, 126835220], [126835219, 126835220], 
[126835219, 126835220], [126835631, 126835631], [126835631, 126835631], [126835631, 126835631], [126835631, 126835631], [126835631, 126835631], [126835848, 126835848], [126835848, 
126835848], [126835848, 126835848], [126835848, 126835848], [126835848, 126835848], [126881952, 126881952], [126881952, 126881952], [126884485, 126884485], [126884485, 126884485], 
[127091752, 127091752], [127091752, 127091752], [127091786, 127091786], [127091786, 127091786], [126832913, 126832913], [126832913, 126832913], [126832913, 126832913], [126832913, 
126832913], [126832913, 126832913], [126833575, 126833575], [126833575, 126833575], [126833575, 126833575], [126833575, 126833575], [126833575, 126833575], [126834193, 126834193], 
[126834193, 126834193], [126834193, 126834193], [126834193, 126834193], [126834193, 126834193], [126834342, 126834342], [126834342, 126834342], [126834342, 126834342], [126834342, 
126834342], [126834342, 126834342], [126835219, 126835220], [126835219, 126835220], [126835219, 126835220], [126835219, 126835220], [126835219, 126835220], [126835631, 126835631], 
[126835631, 126835631], [126835631, 126835631], [126835631, 126835631], [126835631, 126835631], [126835848, 126835848], [126835848, 126835848], [126835848, 126835848], [126835848, 
126835848], [126835848, 126835848], [126881952, 126881952], [126881952, 126881952], [126884485, 126884485], [126884485, 126884485], [127091752, 127091752], [127091752, 127091752], 
[127091786, 127091786], [127091786, 127091786], [137030692, 137030692], [137030859, 137030859], [137033204, 137033204], [137030692, 137030692], [137030859, 137030859], [137033204, 
137033204], [137030692, 137030692], [137030859, 137030859], [137033204, 137033204], [137030692, 137030692], [137030859, 137030859], [137033204, 137033204], [137030692, 137030692], 
[137030859, 137030859], [137033204, 137033204], [137030692, 137030692], [137030859, 137030859], [137033204, 137033204]]

chr14 -> [[70245905, 70245905], [70245905, 70245905], [70246438, 70246438], [70246438, 70246438], [70245905, 70245905], [70245905, 70245905]]

chr15 -> [[23566181, 23566181], [23566181, 23566181], [23566181, 23566181], [23566181, 23566181], [23566181, 23566181], [23567028, 23567028], [23567028, 23567028], [23567028, 23567028], 
[23567028, 23567028], [23567028, 23567028], [23644087, 23644087], [23644368, 23644368], [23644840, 23644840], [23645156, 23645156], [23645634, 23645634], [23686367, 23686367], [23686388, 
23686388], [23686641, 23686641], [23566181, 23566181], [23566181, 23566181], [23566181, 23566181], [23566181, 23566181], [23566181, 23566181], [23567028, 23567028], [23567028, 23567028],
[23567028, 23567028], [23567028, 23567028], [23567028, 23567028], [23644087, 23644087], [23644368, 23644368], [23644840, 23644840], [23645156, 23645156], [23645634, 23645634], [23686367, 
23686367], [23686388, 23686388], [23686641, 23686641]]

chr16 -> [[31413208, 31413208], [31413208, 31413208]]

chr17 -> [[7592243, 7592243], [7592243, 7592243], [7592243, 7592243], [7592243, 7592243], [7592243, 7592243], [7592243, 7592243], [7592243, 7592243], [7592243, 7592243], [7592243, 7592243],
[7592243, 7592243]]

chr18 -> [[67512956, 67512956]]

chr19 -> [[6697552, 6697552], [6697552, 6697552], [6697552, 6697552], [6697552, 6697552], [45421366, 45421366], [45421366, 45421366], [45421366, 45421366], [45421366, 45421366], [45421366,
45421366], [45421366, 45421366], [45421366, 45421366], [45421366, 45421366], [45421366, 45421366], [45421366, 45421366], [45421366, 45421366], [45421366, 45421366], [45421366, 45421366],
[45421366, 45421366], [45421366, 45421366], [45421366, 45421366], [45421366, 45421366], [45421366, 45421366], [45421366, 45421366], [45421366, 45421366], [45421366, 45421366], [45421366,
45421366], [45421366, 45421366], [45421366, 45421366], [45421366, 45421366], [45421366, 45421366], [45421366, 45421366], [45421366, 45421366], [45421366, 45421366], [45421366, 45421366], 
[45421366, 45421366], [45421366, 45421366], [45421366, 45421366], [45421366, 45421366], [45421366, 45421366], [45421366, 45421366], [45421366, 45421366], [45421366, 45421366], [45421366, 
45421366], [45421366, 45421366], [45421366, 45421366], [45421366, 45421366], [45421366, 45421366], [45421366, 45421366], [45421366, 45421366], [45421366, 45421366], [45421366, 45421366],
[45421366, 45421366], [45421366, 45421366], [45421366, 45421366], [45421366, 45421366], [45421366, 45421366], [45421366, 45421366], [45421366, 45421366], [45421366, 45421366], [45421366,
45421366], [45421366, 45421366], [45421366, 45421366], [45421366, 45421366], [45421366, 45421366], [45421366, 45421366], [45421366, 45421366], [45421366, 45421366], [45421366, 45421366],
[45421366, 45421366], [45421366, 45421366], [45421366, 45421366], [45421366, 45421366], [45421366, 45421366], [45421366, 45421366], [45421366, 45421366], [45421366, 45421366], [45421366, 
45421366], [45421366, 45421366], [45421366, 45421366]]


